1627102.894656,0,1
1627104.559602,0,2
1627106.134623,100,3
1627102.897892,456,1
1627104.523738,654,2
1627106.101122,100,3
1627102.901842,5,1
1627104.587460,5,2
1627106.130068,100,4
1627102.905724,6,1
1627104.538239,6,2
1627106.089373,100,5
1627102.908680,4,1
1627104.538712,4,2
1627106.147233,100,3
1627102.912711,456,1
1627104.514346,654,2
1627106.069501,100,3
1627102.916878,456,1
1627104.499820,654,2
1627106.064604,100,5
1627102.920856,9,1
1627104.562484,9,2
1627106.100137,100,3
1627102.924724,1,1
1627104.523361,0,2
1627106.098540,100,4
1627102.928871,456,1
1627104.539859,654,2
1627106.084192,100,4
1627102.936897,1,1
1627104.604721,1,2
1627106.172823,100,5
1627102.938123,9,1
1627104.559817,9,2
1627106.142865,100,4
1627102.940812,8,1
1627104.592307,8,2
1627106.125625,100,5
1627102.944821,456,1
1627104.579890,654,2
1627106.151402,100,4
1627102.948805,2,1
1627104.609940,2,2
1627106.169940,100,3
1627102.952846,456,1
1627104.545589,654,2
1627106.109587,100,3
1627102.956980,456,1
1627104.577163,654,2
1627106.153871,100,3
1627102.962045,5,1
1627104.552773,5,2
1627106.119070,100,4
1627102.965075,456,1
1627104.547204,654,2
1627106.107319,100,4
1627102.968956,0,1
1627104.522979,6,2
1627106.066677,100,4
1627102.988169,2,1
1627104.571030,1,2
1627106.138215,100,3
1627102.992169,6,1
1627104.585392,4,2
1627106.145191,100,3
1627102.996169,7,1
1627104.664176,7,2
1627106.238400,100,3
1627102.997726,3,1
1627104.631472,3,2
1627106.195761,100,5
1627103.001727,4,1
1627104.645918,3,2
1627106.213458,100,5
1627103.005726,3,1
1627104.622468,7,2
1627106.180209,100,4
1627103.009726,456,1
1627104.651814,654,2
1627106.202798,100,4
1627103.001975,456,1
1627104.608787,654,2
1627106.197555,100,5
1627103.005975,8,1
1627104.596159,8,2
1627106.157338,100,5
1627103.009975,7,1
1627104.650255,2,2
1627106.200760,100,4
1627103.013181,6,1
1627104.629356,6,2
1627106.176586,100,3
1627103.017146,9,1
1627104.628337,9,2
1627106.185433,100,4
1627103.021163,2,1
1627104.640917,8,2
1627106.210628,100,5
1627103.024151,456,1
1627104.672756,654,2
1627106.211263,100,3
1627103.028152,8,1
1627104.642000,8,2
1627106.256181,100,4
1627103.033210,9,1
1627104.651462,2,2
1627106.223051,100,3
1627103.037241,456,1
1627104.653780,654,2
1627106.223058,100,5
1627103.041260,456,1
1627104.663654,654,2
1627106.232238,100,4
1627103.045306,5,1
1627104.635205,5,2
1627106.206065,100,4
1627103.048237,456,1
1627104.650931,654,2
1627106.225777,100,4
1627103.052328,8,1
1627104.678912,4,2
1627106.227656,100,4
1627103.056473,4,1
1627104.660179,4,2
1627106.206370,100,5
1627103.061754,1,1
1627104.660515,1,2
1627106.205758,100,3
1627103.065381,456,1
1627104.683416,654,2
1627106.250013,100,3
1627103.070199,0,1
1627104.697844,0,2
1627106.253154,100,5
1627103.073446,456,1
1627104.668326,654,2
1627106.239012,100,3
1627103.076794,7,1
1627104.684361,0,2
1627106.218195,100,3
1627103.080949,6,1
1627104.700468,6,2
1627106.250502,100,3
1627103.086820,7,1
1627104.680254,7,2
1627106.272794,100,5
1627103.089323,456,1
1627104.669701,654,2
1627106.269639,100,3
1627103.093520,456,1
1627104.723130,654,2
1627106.290984,100,4
1627103.097474,1,1
1627104.741070,5,2
1627106.322927,100,3
1627103.100446,456,1
1627104.717630,654,2
1627106.263658,100,4
1627103.104438,4,1
1627104.720313,9,2
1627106.281785,100,4
1627103.108528,456,1
1627104.746057,654,2
1627106.301099,100,3
1627103.112528,2,1
1627104.730637,2,2
1627106.295544,100,4
1627103.116493,3,1
1627104.719913,3,2
1627106.270913,100,5
1627103.120501,3,1
1627104.700673,1,2
1627106.260547,100,4
1627103.125579,0,1
1627104.756915,3,2
1627106.319246,100,5
1627103.128577,5,1
1627104.796828,7,2
1627106.343961,100,5
1627103.132604,456,1
1627104.736151,654,2
1627106.316187,100,4
1627103.136589,0,1
1627104.697002,0,2
1627106.249561,100,4
1627103.140597,9,1
1627104.750356,8,2
1627106.331895,100,5
1627103.144589,2,1
1627104.736035,2,2
1627106.329749,100,3
1627103.148666,8,1
1627104.748290,9,2
1627106.341559,100,5
1627103.153663,456,1
1627104.785368,654,2
1627106.340988,100,4
1627103.156663,3,1
1627104.785059,0,2
1627106.357366,100,3
1627103.159713,456,1
1627104.759887,654,2
1627106.343792,100,3
1627103.164728,456,1
1627104.791421,654,2
1627106.352767,100,5
1627103.168689,6,1
1627104.775730,6,2
1627106.324817,100,4
1627103.172735,4,1
1627104.790758,4,2
1627106.339238,100,5
1627103.176753,3,1
1627104.763736,3,2
1627106.323015,100,3
1627103.181752,9,1
1627104.813365,9,2
1627106.387677,100,5
1627103.184750,6,1
1627104.763917,3,2
1627106.327978,100,4
1627103.187881,456,1
1627104.769370,654,2
1627106.345290,100,5
1627103.192765,7,1
1627104.841153,7,2
1627106.403672,100,4
1627103.196804,1,1
1627104.832554,1,2
1627106.405886,100,4
1627103.200824,7,1
1627104.823816,1,2
1627106.370866,100,4
1627103.204907,2,1
1627104.796592,2,2
1627106.356212,100,3
1627103.208872,8,1
1627104.864692,8,2
1627106.459150,100,3
1627103.212857,5,1
1627104.813031,5,2
1627106.383312,100,5
1627103.215946,456,1
1627104.786610,654,2
1627106.371485,100,3
1627103.219963,4,1
1627104.892111,7,2
1627106.479135,100,4
1627107.148854,456,1
1627108.777194,654,2
1627110.325117,100,4
1627111.476983,1,1
1627113.097977,6,2
1627114.671623,100,5
1627116.073820,456,1
1627117.713082,654,2
1627119.249544,100,3
1627120.135334,0,1
1627121.747970,4,2
1627123.286614,100,5
1627124.734032,456,1
1627126.313422,654,2
1627127.874238,100,5
1627129.346296,456,1
1627130.986376,654,2
1627132.563782,100,3
1627133.439750,5,1
1627135.087887,5,2
1627136.665232,100,5
1627138.072587,9,1
1627139.672532,0,2
1627141.226905,100,4
1627142.390689,2,1
1627144.025219,2,2
1627145.588359,100,3
1627146.485039,456,1
1627148.093485,654,2
1627149.672859,100,3
1627150.555686,456,1
1627152.134537,654,2
1627153.692366,100,5
1627155.121811,1,1
1627156.756645,3,2
1627158.299406,100,3
1627159.207201,4,1
1627160.831050,2,2
1627162.428678,100,4
1627163.544336,456,1
1627165.132123,654,2
1627166.676420,100,5
1627168.060307,456,1
1627169.660780,654,2
1627171.200648,100,4
1627172.376172,3,1
1627173.964839,1,2
1627175.529084,100,3
1627176.441051,7,1
1627178.094597,6,2
1627179.662273,100,5
1627181.084884,456,1
1627182.702792,654,2
1627184.278919,100,5
1627185.717837,3,1
1627187.303541,3,2
1627188.870356,100,3
1627189.760241,456,1
1627191.388140,654,2
1627192.979135,100,3
1627193.888961,8,1
1627195.515561,4,2
1627197.058639,100,5
1627198.473890,5,1
1627200.102090,5,2
1627201.652072,100,4
1627202.824422,0,1
1627204.449337,9,2
1627205.984757,100,3
1627206.929838,4,1
1627208.521477,4,2
1627210.083031,100,5
1627211.475832,6,1
1627213.059899,7,2
1627214.644612,100,5
1627216.072415,456,1
1627217.712788,654,2
1627219.297731,100,4
1627220.422851,6,1
1627221.993930,6,2
1627223.552675,100,5
1627224.945280,1,1
1627226.554736,1,2
1627228.093837,100,3
1627229.049930,8,1
1627230.630671,8,2
1627232.206949,100,5
1627233.630991,456,1
1627235.239454,654,2
1627236.775531,100,5
1627238.177034,9,1
1627239.814849,9,2
1627241.402339,100,4
1627242.543493,7,1
1627244.117379,7,2
1627245.662676,100,3
1627246.600422,2,1
1627248.209877,8,2
1627249.775085,100,4
1627250.951932,456,1
1627252.555914,654,2
1627254.087882,100,4
1627255.241121,5,1
1627256.858665,5,2
1627258.393492,100,4
1627259.548307,0,1
1627261.175216,0,2
1627262.740927,100,3
1627263.654393,456,1
1627265.254132,654,2
1627266.828953,100,4
1627267.981687,456,1
1627269.579573,654,2
1627271.145067,100,5
1627272.530749,0,1
1627274.085836,0,2
1627275.646083,100,3
1627276.498699,3,1
1627278.115616,3,2
1627279.683107,100,4
1627280.813102,9,1
1627282.453123,9,2
1627284.034845,100,5
1627285.453137,9,1
1627287.050871,2,2
1627288.616008,100,4
1627289.735598,456,1
1627291.341073,654,2
1627292.914701,100,4
1627294.075260,456,1
1627295.700915,654,2
1627297.258005,100,3
1627298.183391,456,1
1627299.771256,654,2
1627301.338021,100,5
1627302.740115,5,1
1627304.316067,4,2
1627305.860077,100,4
1627307.090046,4,1
1627308.722335,4,2
1627310.307520,100,4
1627311.475341,3,1
1627313.150672,7,2
1627314.733538,100,3
1627315.634368,4,1
1627317.307215,9,2
1627318.843782,100,3
1627319.711366,456,1
1627321.315805,654,2
1627322.887306,100,5
1627324.328535,2,1
1627325.990579,2,2
1627327.539121,100,4
1627328.717824,7,1
1627330.383959,7,2
1627331.947781,100,5
1627333.361020,456,1
1627334.981009,654,2
1627336.576487,100,3
1627337.481624,1,1
1627339.084030,1,2
1627340.637147,100,5
1627342.033563,456,1
1627343.616082,654,2
1627345.194725,100,3
1627346.085780,6,1
1627347.676274,6,2
1627349.227643,100,5
1627350.610782,8,1
1627352.207057,3,2
1627353.781255,100,3
1627354.680017,456,1
1627356.269184,654,2
1627357.832426,100,4
1627358.975571,6,1
1627360.562727,5,2
1627362.121392,100,3
1627362.998359,2,1
1627364.608996,0,2
1627366.173531,100,3
1627367.051330,7,1
1627368.644954,1,2
1627370.191224,100,5
1627371.652664,456,1
1627373.248781,654,2
1627374.814877,100,3
1627375.679907,8,1
1627377.313140,8,2
1627378.900806,100,5
1627380.247689,1,1
1627381.851939,8,2
1627383.412350,100,5
1627384.825163,5,1
1627386.429591,5,2
1627387.996849,100,4
1627389.169107,456,1
1627390.776091,654,2
1627392.334973,100,5
1627393.698114,0,1
1627395.277035,6,2
1627396.831898,100,4
