1031815.783976,5,2
1031816.846070,100,3
1031819.559257,7,2
1031820.633112,100,3
1031823.331842,3,2
1031824.377123,100,3
1031827.036411,1,2
1031828.103009,100,1
1031829.782721,8,2
1031830.834388,100,2
1031833.018765,9,2
1031834.074378,100,1
1031835.764557,4,2
1031836.830322,100,3
1031839.534339,6,2
1031840.589688,100,1
1031842.292369,0,2
1031843.343132,100,2
1031845.523735,2,2
1031846.577926,100,1
1031850.248297,2,2
1031851.328472,100,1
1031853.007934,5,2
1031854.060945,100,2
1031856.244650,8,2
1031857.307461,100,2
1031859.493820,1,2
1031860.547685,100,2
1031862.698667,7,2
1031863.771312,100,2
1031865.934450,6,2
1031866.990065,100,3
1031869.649014,4,2
1031870.703480,100,2
1031872.843038,0,2
1031873.927201,100,2
1031876.106726,9,2
1031877.167084,100,2
1031879.313100,3,2
1031880.372128,100,3
1031959.541013,5,2
1031960.622784,100,2
1031962.815660,8,2
1031963.905187,100,2
1031966.047591,6,2
1031967.093021,100,3
1031969.769658,9,2
1031970.816140,100,1
1031972.500714,3,2
1031973.560041,100,2
1031975.742754,2,2
1031976.799575,100,2
1031979.013478,7,2
1031980.073340,100,3
1031982.773744,1,2
1031983.851500,100,3
1031986.515109,0,2
1031987.568298,100,3
1031990.263884,4,2
1031991.328460,100,1
1031994.981997,0,2
1031996.046245,100,1
1031997.666616,9,2
1031998.750966,100,3
1032001.404255,3,2
1032002.454674,100,3
1032005.138563,7,2
1032006.194822,100,2
1032008.332439,4,2
1032009.383111,100,3
1032012.060925,1,2
1032013.101028,100,3
1032015.764087,6,2
1032016.819893,100,2
1032018.954716,8,2
1032020.031504,100,2
1032022.195521,2,2
1032023.276837,100,3
1032025.902224,5,2
1032026.964813,100,3
1032130.084131,3,1
1032130.084131,4,0
1032130.639021,100,1
1032133.938409,1,4
1032133.938409,5,0
1032136.019700,100,1
1032139.287818,7,4
1032139.287818,8,0
1032141.361049,100,1
1032144.128175,6,3
1032144.128175,9,0
1032145.687596,100,1
1032148.494974,2,3
1032148.494974,0,0
1032150.075546,100,1
