409639.564584,8,2
409640.613234,100,3
409643.295876,0,2
409644.363995,100,2
409646.563990,1,2
409647.640463,100,3
409650.323604,4,2
409651.396758,100,3
409654.084060,3,2
409655.158963,100,1
409656.800492,9,2
409657.866524,100,1
409659.524722,2,2
409660.580783,100,3
409663.268075,6,2
409664.331741,100,1
409666.005973,7,2
409667.083297,100,2
409669.257930,5,2
409670.323587,100,1
409674.020652,7,2
409675.077210,100,1
409676.720162,8,2
409677.780421,100,1
409679.429814,4,2
409680.490239,100,1
409682.124376,9,2
409683.197815,100,3
409685.858569,5,2
409686.921962,100,3
409689.572801,1,2
409690.636014,100,3
409693.272583,6,2
409694.322615,100,1
409695.967497,0,2
409697.031644,100,2
409699.182625,3,2
409700.237319,100,3
409702.914725,2,2
409703.979945,100,3
409708.647009,9,2
409709.710746,100,2
409711.877328,0,2
409712.932656,100,3
409715.614022,7,2
409716.664525,100,3
409719.339815,3,2
409720.388516,100,2
409722.512765,2,2
409723.568814,100,1
409725.238369,1,2
409726.287048,100,3
409728.882215,8,2
409729.921086,100,1
409731.542520,5,2
409732.593725,100,1
409734.224226,4,2
409735.270428,100,1
409736.911371,6,2
409737.990217,100,2
409742.163370,3,2
409743.226085,100,3
409745.879692,4,2
409746.935935,100,2
409749.114359,9,2
409750.177315,100,3
409752.850609,6,2
409753.933169,100,1
409755.563662,1,2
409756.615313,100,1
409758.262270,5,2
409759.306766,100,1
409760.969170,2,2
409762.032474,100,1
409763.682869,7,2
409764.727266,100,2
409766.871738,8,2
409767.924050,100,2
409770.070438,0,2
409771.133614,100,2
409775.340818,5,2
409776.381160,100,1
409778.073386,6,2
409779.129845,100,3
409781.793548,8,2
409782.825740,100,2
409784.910312,7,2
409785.949644,100,1
409787.580871,2,2
409788.643542,100,1
409790.297092,9,2
409791.350975,100,3
409793.939653,1,2
409795.032093,100,3
409797.661884,0,2
409798.714479,100,1
409800.385056,3,2
409801.424133,100,2
409803.572879,4,2
409804.623807,100,1
409808.308532,7,2
409809.365930,100,3
409812.011837,8,2
409813.059756,100,1
409814.698227,9,2
409815.752272,100,2
409817.919852,2,2
409818.961367,100,3
409821.626625,6,2
409822.675904,100,2
409824.854291,0,2
409825.903491,100,3
409828.567185,1,2
409829.625980,100,3
409832.277676,3,2
409833.324561,100,3
409835.976534,5,2
409837.051661,100,1
409838.688529,4,2
409839.743611,100,3
409844.413879,5,2
409845.521863,100,3
409848.207532,0,2
409849.264729,100,1
409850.921679,6,2
409851.990771,100,3
409854.641822,4,2
409855.704382,100,2
409857.870803,9,2
409858.923081,100,1
409860.556103,1,2
409861.608090,100,2
409863.780174,3,2
409864.852856,100,3
409867.502263,2,2
409868.546689,100,3
409871.200734,7,2
409872.244850,100,3
409874.907796,8,2
409875.956256,100,1
409879.628219,0,2
409880.684864,100,2
409882.821338,6,2
409883.876679,100,1
409885.542292,2,2
409886.599310,100,1
409888.231602,4,2
409889.284089,100,2
409891.457504,9,2
409892.499575,100,2
409894.653017,7,2
409895.708106,100,3
409898.348154,8,2
409899.421021,100,1
409901.082618,1,2
409902.157451,100,3
409904.816091,3,2
409905.872588,100,2
409908.023202,5,2
409909.073261,100,1
409912.743466,0,2
409913.794874,100,2
409916.002571,1,2
409917.069088,100,3
409919.719279,9,2
409920.778958,100,3
409923.466411,8,2
409924.523178,100,3
409927.169405,5,2
409928.222503,100,3
409930.851678,2,2
409931.896293,100,1
409933.547701,6,2
409934.612889,100,2
409936.804763,3,2
409937.850841,100,2
409940.058041,7,2
409941.120552,100,1
409942.795987,4,2
409943.836104,100,1
409947.523088,2,2
409948.583257,100,3
409951.270059,3,2
409952.332797,100,2
409954.499035,8,2
409955.549580,100,2
409957.709828,0,2
409958.784523,100,3
409961.447734,5,2
409962.539154,100,2
409964.692217,6,2
409965.753123,100,1
409967.397545,9,2
409968.458910,100,3
409971.145117,7,2
409972.194548,100,3
409974.870233,1,2
409975.921436,100,3
409978.584375,4,2
409979.647058,100,1
