1032286.985978,9,3
1032286.985978,4,0
1032288.540528,100,1
1032291.368623,5,3
1032291.368623,2,0
1032292.927857,100,1
1032295.729398,8,3
1032295.729398,1,0
1032297.299261,100,1
1032300.578341,0,4
1032300.578341,6,0
1032302.642520,100,1
1032305.467458,7,3
1032305.467458,3,0
1032307.036321,100,1
1137559.527575,1,1
1137560.134490,8,3
1137561.715041,5,4
1137563.851147,0,1
1137564.407717,9,4
1137566.520099,7,2
1137567.637971,6,1
1137569.365547,3,4
1137571.484078,2,2
1137572.606740,4,2
1137573.675635,100,4
