409346.331266,400,2
409347.450526,2,2
409348.549553,5,1
409349.636526,400,1
409350.751280,6,1
409351.871779,7,1
409352.923841,9,2
409353.988450,4,1
409355.074275,3,1
409356.198170,1,1
409357.318934,8,2
409358.425075,0,1
409359.474712,100,4
409365.567287,8,1
409366.689401,6,1
409367.756031,1,1
409368.834507,0,2
409369.906926,5,1
409370.967078,2,2
409372.035978,3,1
409373.107918,400,1
409374.189314,7,2
409375.257812,9,1
409376.337741,400,1
409377.396175,4,2
409378.449190,100,4
409384.536918,1,1
409385.620032,6,1
409386.730161,7,1
409387.811458,3,1
409388.879185,400,2
409389.946802,400,2
409391.029200,5,1
409392.079246,0,2
409393.124533,2,1
409394.214927,9,2
409395.301936,4,1
409396.357724,8,1
409397.410850,100,4
409403.527412,400,2
409404.615648,7,2
409405.718154,9,1
409406.800486,400,2
409407.874359,1,2
409408.965870,3,2
409410.050463,4,2
409411.113619,6,2
409412.182896,5,1
409413.286067,0,2
409414.343203,8,2
409415.427919,2,1
409416.485700,100,4
409422.640602,4,1
409423.731060,400,2
409424.817000,9,2
409425.890907,1,2
409426.955756,3,2
409428.022268,7,2
409429.086875,6,2
409430.167905,400,2
409431.238069,5,1
409432.318908,8,2
409433.391208,0,2
409434.452073,2,2
409435.515425,100,4
409441.613649,4,1
409442.719860,6,1
409443.785771,400,1
409444.865174,1,2
409445.920054,0,2
409447.000347,9,2
409448.073342,2,2
409449.164312,8,2
409450.229071,5,2
409451.302285,3,1
409452.374474,400,2
409453.454403,7,2
409454.503783,100,4
409460.616293,400,2
409461.718863,6,1
409462.791668,0,1
409463.847413,2,1
409464.934301,7,1
409466.013372,1,2
409467.108443,400,1
409468.189191,5,1
409469.258247,3,1
409470.342837,9,2
409471.408026,4,2
409472.481694,8,1
409473.540837,100,4
409479.657747,6,2
409480.759074,5,1
409481.863792,9,2
409482.937236,1,1
409484.012893,0,2
409485.095140,400,1
409486.144816,3,2
409487.204878,2,2
409488.289167,4,1
409489.366698,400,2
409490.428861,7,1
409491.510395,8,2
409492.568082,100,4
409498.699364,7,2
409499.795564,400,2
409500.869232,400,1
409501.974946,3,1
409503.051886,0,1
409504.147012,4,2
409505.234243,1,1
409506.322852,5,2
409507.401188,6,1
409508.471629,2,1
409509.540911,8,1
409510.591596,9,2
409511.619156,100,4
409517.721969,3,1
409518.793589,0,1
409519.876970,5,2
409520.949783,1,1
409522.035663,4,2
409523.112701,400,2
409524.186569,6,2
409525.289936,7,2
409526.354828,8,2
409527.420300,400,2
409528.485075,2,2
409529.572021,9,1
409530.619972,100,4
