1628208.990764,1,1
1628210.668486,1,2
1628212.221487,100,5
1628208.994807,9,1
1628210.658152,9,2
1628212.192125,100,4
1628208.997804,456,1
1628210.668704,654,2
1628212.224191,100,4
1628209.002865,6,1
1628210.613511,9,2
1628212.199358,100,3
1628209.006805,456,1
1628210.634314,654,2
1628212.226387,100,4
1628209.010885,2,1
1628210.663082,2,2
1628212.219889,100,4
1628209.014955,1,1
1628210.703469,6,2
1628212.274851,100,4
1628209.019819,0,1
1628210.617346,2,2
1628212.166892,100,5
1628209.023204,456,1
1628210.612581,654,2
1628212.166563,100,4
1628209.028477,456,1
1628210.653906,654,2
1628212.238069,100,4
1628209.032500,2,1
1628210.640645,0,2
1628212.198643,100,3
1628209.035045,456,1
1628210.653269,654,2
1628212.194451,100,3
1628209.039270,7,1
1628210.737861,3,2
1628212.280819,100,4
1628209.042086,5,1
1628210.704091,5,2
1628212.242251,100,4
1628209.046057,456,1
1628210.650949,654,2
1628212.213375,100,4
1628209.051055,0,1
1628210.694246,0,2
1628212.255852,100,5
1628209.055125,6,1
1628210.645803,6,2
1628212.199135,100,4
1628209.059537,4,1
1628210.671013,8,2
1628212.202794,100,3
1628209.062369,9,1
1628210.645265,1,2
1628212.197017,100,5
1628209.066267,8,1
1628210.715980,4,2
1628212.274545,100,5
1628209.070096,456,1
1628210.707697,654,2
1628212.261569,100,3
1628209.094979,3,1
1628210.684135,3,2
1628212.224946,100,3
1628209.098980,456,1
1628210.703330,654,2
1628212.238674,100,3
1628209.092550,3,1
1628210.677904,5,2
1628212.227669,100,5
1628209.096550,7,1
1628210.724990,7,2
1628212.266885,100,5
1628209.100550,456,1
1628210.713629,654,2
1628212.303801,100,3
1628209.104549,456,1
1628210.701608,654,2
1628212.265407,100,5
1628209.108550,8,1
1628210.715119,8,2
1628212.294121,100,4
1628209.112549,4,1
1628210.708348,4,2
1628212.280023,100,5
1628209.108754,5,1
1628210.721045,7,2
1628212.313142,100,3
1628209.112754,3,1
1628210.753506,3,2
1628212.319058,100,5
1628209.115285,456,1
1628210.717897,654,2
1628212.275124,100,3
1628209.118236,1,1
1628210.756957,1,2
1628212.325531,100,4
1628209.122268,8,1
1628210.720222,8,2
1628212.271863,100,4
1628209.126302,3,1
1628210.745285,1,2
1628212.296566,100,3
1628209.130379,0,1
1628210.762245,9,2
1628212.303586,100,3
1628209.134326,5,1
1628210.754838,5,2
1628212.309477,100,3
1628209.139395,9,1
1628210.742192,9,2
1628212.302743,100,5
1628209.143418,456,1
1628210.745681,654,2
1628212.293215,100,3
1628209.146399,456,1
1628210.763551,654,2
1628212.344544,100,3
1628209.150325,456,1
1628210.754058,654,2
1628212.340492,100,3
1628209.154451,456,1
1628210.770248,654,2
1628212.312477,100,3
1628209.158649,7,1
1628210.766923,0,2
1628212.364439,100,5
1628209.163021,456,1
1628210.770540,654,2
1628212.319106,100,4
1628209.166426,7,1
1628210.752007,7,2
1628212.332060,100,5
1628209.170851,6,1
1628210.812238,3,2
1628212.376924,100,3
1628209.174165,456,1
1628210.775854,654,2
1628212.342283,100,3
1628209.178747,8,1
1628210.821821,7,2
1628212.415815,100,3
1628209.183929,456,1
1628210.755311,654,2
1628212.314420,100,4
1628209.186547,6,1
1628210.775937,6,2
1628212.345127,100,4
1628209.191322,0,1
1628210.786830,0,2
1628212.363853,100,4
1628209.195082,4,1
1628210.764413,4,2
1628212.335896,100,4
1628209.199888,2,1
1628210.765042,4,2
1628212.328082,100,4
1628209.201707,1,1
1628210.842634,5,2
1628212.423891,100,5
1628209.205584,5,1
1628210.857936,2,2
1628212.424336,100,5
1628209.210656,4,1
1628210.805703,8,2
1628212.353197,100,5
1628209.214651,9,1
1628210.803644,6,2
1628212.385653,100,3
1628209.218646,456,1
1628210.850907,654,2
1628212.386543,100,4
1628209.222671,456,1
1628210.822308,654,2
1628212.394473,100,4
1628209.225621,2,1
1628210.865256,2,2
1628212.417097,100,3
1628209.229675,2,1
1628210.826901,1,2
1628212.393308,100,3
1628209.234544,456,1
1628210.852006,654,2
1628212.444731,100,3
1628209.238785,456,1
1628210.876199,654,2
1628212.436129,100,4
1628209.242885,9,1
1628210.878341,2,2
1628212.413127,100,4
1628209.246698,456,1
1628210.856550,654,2
1628212.436689,100,5
1628209.250706,456,1
1628210.887003,654,2
1628212.443256,100,4
1628209.254797,456,1
1628210.885064,654,2
1628212.441921,100,4
1628209.258777,4,1
1628210.894762,4,2
1628212.489092,100,5
1628209.262794,0,1
1628210.849262,9,2
1628212.435098,100,5
1628209.265752,456,1
1628210.883818,654,2
1628212.442099,100,3
1628209.270819,8,1
1628210.855925,8,2
1628212.403604,100,5
1628209.274894,7,1
1628210.912975,7,2
1628212.452042,100,4
1628209.278864,6,1
1628210.883153,6,2
1628212.459255,100,4
1628209.281901,6,1
1628210.896489,4,2
1628212.452961,100,3
1628209.285910,3,1
1628210.922314,3,2
1628212.474386,100,5
1628209.289864,456,1
1628210.970186,654,2
1628212.529472,100,3
1628209.293909,3,1
1628210.899050,0,2
1628212.468063,100,5
1628209.298105,7,1
1628210.918501,7,2
1628212.467275,100,3
1628209.302006,456,1
1628210.900169,654,2
1628212.497660,100,3
1628209.306971,9,1
1628210.893217,9,2
1628212.471103,100,5
1628209.310272,4,1
1628210.921308,6,2
1628212.460041,100,4
1628209.314051,5,1
1628210.961078,5,2
1628212.557200,100,4
1628210.028783,8,1
1628211.635610,8,2
1628213.187351,100,4
1628214.379084,2,1
1628215.963104,2,2
1628217.505122,100,5
1628218.904522,1,1
1628220.529786,1,2
1628222.090552,100,3
1628223.014521,456,1
1628224.598903,654,2
1628226.141219,100,4
1628227.308682,1,1
1628228.903224,5,2
1628230.462217,100,5
1628231.886598,0,1
1628233.514287,0,2
1628235.092591,100,5
1628236.504212,456,1
1628238.143503,654,2
1628239.709144,100,5
1628241.152468,5,1
1628242.784879,3,2
1628244.377330,100,5
1628245.751344,456,1
1628247.360236,654,2
1628248.966555,100,3
1628249.902426,5,1
1628251.542793,8,2
1628253.121482,100,3
1628253.988040,8,1
1628255.616402,8,2
1628257.181811,100,4
1628258.349310,456,1
1628259.973467,654,2
1628261.529235,100,3
1628262.465163,4,1
1628264.084416,7,2
1628265.663901,100,5
1628267.025319,456,1
1628268.571265,654,2
1628270.125933,100,3
1628271.070882,456,1
1628272.671914,654,2
1628274.233937,100,3
1628275.184299,9,1
1628276.775821,9,2
1628278.335648,100,3
1628279.324008,1,1
1628281.007008,1,2
1628282.556803,100,4
1628283.714116,6,1
1628285.317306,6,2
1628286.874428,100,5
1628288.342798,456,1
1628289.957435,654,2
1628291.507034,100,4
1628292.627204,2,1
1628294.211401,5,2
1628295.785472,100,3
1628296.687075,0,1
1628298.325495,1,2
1628299.896098,100,5
1628301.359929,456,1
1628302.965247,654,2
1628304.516454,100,3
1628305.488441,456,1
1628307.083710,654,2
1628308.652200,100,4
1628309.793007,456,1
1628311.392746,654,2
1628312.963992,100,5
1628314.391427,456,1
1628316.061337,654,2
1628317.626291,100,3
1628318.570607,3,1
1628320.190524,2,2
1628321.751452,100,5
1628323.138580,3,1
1628324.764352,3,2
1628326.340585,100,3
1628327.208962,5,1
1628328.805942,5,2
1628330.389465,100,5
1628331.818485,9,1
1628333.429915,0,2
1628335.006654,100,3
1628335.954571,8,1
1628337.561207,6,2
1628339.115010,100,4
1628340.242741,2,1
1628341.832032,2,2
1628343.395850,100,4
1628344.568195,0,1
1628346.191224,0,2
1628347.736704,100,3
1628348.609953,6,1
1628350.245353,9,2
1628351.832993,100,5
1628353.257178,4,1
1628354.893763,4,2
1628356.478872,100,5
1628357.899103,1,1
1628359.454533,4,2
1628361.006598,100,5
1628362.405389,7,1
1628364.051967,7,2
1628365.612661,100,3
1628366.508033,456,1
1628368.113847,654,2
1628369.717474,100,4
1628370.845032,7,1
1628372.439280,3,2
1628374.016394,100,5
1628375.447012,6,1
1628377.026931,6,2
1628378.613188,100,4
1628379.808507,0,1
1628381.422866,0,2
1628382.981848,100,5
1628384.361822,0,1
1628385.941749,6,2
1628387.556214,100,5
1628388.913370,3,1
1628390.523397,3,2
1628392.112379,100,3
1628393.012818,456,1
1628394.608473,654,2
1628396.159192,100,3
1628397.063400,456,1
1628398.731644,654,2
1628400.294777,100,5
1628401.674785,8,1
1628403.290805,9,2
1628404.821516,100,4
1628405.975915,6,1
1628407.606121,2,2
1628409.177454,100,5
1628410.602836,1,1
1628412.220694,1,2
1628413.782955,100,3
1628414.702864,5,1
1628416.326031,5,2
1628417.880639,100,5
1628419.307055,456,1
1628420.985342,654,2
1628422.568852,100,5
1628423.971712,3,1
1628425.588281,7,2
1628427.138771,100,4
1628428.352561,4,1
1628429.952547,4,2
1628431.527562,100,3
1628432.398751,456,1
1628433.986024,654,2
1628435.534766,100,5
1628436.934586,9,1
1628438.534765,9,2
1628440.111360,100,3
1628440.974932,456,1
1628442.546530,654,2
1628444.096041,100,3
1628445.013036,5,1
1628446.698182,3,2
1628448.267361,100,5
1628449.706418,456,1
1628451.294514,654,2
1628452.847182,100,3
1628453.745955,1,1
1628455.370975,1,2
1628456.919185,100,4
1628458.098396,456,1
1628459.759604,654,2
1628461.319853,100,3
1628462.228730,2,1
1628463.841362,2,2
1628465.393614,100,5
1628466.770713,4,1
1628468.400841,0,2
1628469.951594,100,3
1628470.926656,8,1
1628472.519536,8,2
1628474.090816,100,3
1628474.968489,7,1
1628476.579586,7,2
1628478.118575,100,3
1628479.047335,9,1
1628480.669224,8,2
1628482.227724,100,5
1628483.619200,456,1
1628485.260292,654,2
1628486.821603,100,5
1628488.231103,456,1
1628489.839962,654,2
1628491.394687,100,5
1628492.767288,7,1
1628494.407482,4,2
1628495.955753,100,3
1628496.878960,2,1
1628498.477413,5,2
1628500.027127,100,5
1628501.432582,456,1
1628503.102684,654,2
1628504.656156,100,4
