1371611.415624,7,3
1371613.016424,400,3
1371614.615593,0,2
1371615.716530,2,4
1371617.797945,400,4
1371619.907885,8,1
1371620.518533,1,2
1371621.585728,6,2
1371622.702587,3,1
1371623.300739,5,1
1371623.881760,4,2
1371624.966463,9,1
1371625.527647,100,4
1371631.622911,3,1
1371632.199928,1,3
1371633.788887,5,4
1371635.861404,4,3
1371637.433210,400,1
1371638.017859,400,3
1371639.597255,9,2
1371640.668263,0,1
1371641.267524,6,1
1371641.843248,7,3
1371643.409544,2,4
1371645.490530,8,3
1371647.048878,100,4
1371653.182691,7,2
1371654.273855,3,3
1371655.840534,9,2
1371656.914065,2,3
1371658.473589,400,4
1371660.548817,6,1
1371661.135585,5,1
1371661.703407,0,3
1371663.281761,8,2
1371664.386170,4,3
1371665.939058,1,3
1371667.510723,400,2
1371668.563893,100,4
1371674.646236,4,2
1371675.724300,8,2
1371676.801339,3,1
1371677.388608,9,1
1371677.948625,7,1
1371678.513676,400,2
1371679.580499,6,4
1371681.643159,5,2
1371682.703417,2,4
1371684.802710,0,2
1371685.915575,400,1
1371686.482820,1,2
1371687.542375,100,4
1371693.677531,0,3
1371695.246032,1,1
1371695.820519,9,2
1371696.882270,8,4
1371698.957856,400,3
1371700.532929,400,3
1371702.085074,3,1
1371702.656798,4,2
1371703.701291,5,3
1371705.286976,6,2
1371706.362703,2,3
1371707.948184,7,2
1371708.994643,100,4
1371715.125605,3,3
1371716.696708,400,3
1371718.273821,400,2
1371719.345689,1,2
1371720.412250,7,1
1371720.992336,2,3
1371722.561942,6,1
1371723.124377,5,2
1371724.202432,4,3
1371725.756275,9,3
1371727.340863,0,1
1371727.922169,8,2
1371728.973208,100,4
1371735.080527,400,1
1371735.653575,4,3
1371737.220178,2,3
1371738.802160,5,1
1371739.380877,6,2
1371740.447393,0,4
1371742.528010,7,1
1371743.102967,3,4
1371745.174890,400,1
1371745.752751,9,3
1371747.318325,1,1
1371747.874198,8,4
1371749.943052,100,4
1371756.032788,8,3
1371757.616141,400,4
1371759.687916,6,3
1371761.254933,3,1
1371761.811703,0,2
1371762.875112,9,2
1371763.944564,5,3
1371765.519991,2,1
1371766.106618,400,3
1371767.692886,7,1
1371768.301764,4,2
1371769.385199,1,1
1371769.927053,100,4
1371776.053184,0,3
1371777.661013,9,4
1371779.727334,4,2
1371780.815480,6,3
1371782.385113,3,4
1371784.478675,5,3
1371786.059585,400,3
1371787.648859,400,1
1371788.214240,8,3
1371789.791065,7,4
1371791.859127,1,4
1371793.920633,2,4
1371795.959877,100,4
1371802.047642,8,1
1371802.629878,2,2
1371803.702599,6,3
1371805.294153,0,2
1371806.361184,9,2
1371807.433029,1,2
1371808.508906,4,2
1371809.566151,5,1
1371810.149611,3,2
1371811.226795,400,1
1371811.816983,400,3
1371813.385636,7,4
1371815.450423,100,4
1371821.548943,400,3
1371823.118332,8,4
1371825.189137,9,1
1371825.771377,0,2
1371826.864513,400,2
1371827.931488,1,3
1371829.493158,6,2
1371830.555023,2,4
1371832.621109,4,3
1371834.198302,5,3
1371835.781625,7,1
1371836.359336,3,1
1371836.909910,100,4
1371843.010988,3,1
1371843.593980,1,3
1371845.160284,7,1
1371845.758505,0,1
1371846.319172,9,4
1371848.384734,4,3
1371849.971654,400,1
1371850.566460,5,2
1371851.627099,400,4
1371853.695790,2,1
1371854.257792,8,4
1371856.322389,6,2
1371857.386465,100,4
1371863.470697,1,4
1371865.546854,3,2
1371866.603758,2,3
1371868.176741,400,4
1371870.284730,0,3
1371871.842207,7,4
1371873.933763,400,1
1371874.503850,6,2
1371875.576405,4,2
1371876.645717,8,3
1371878.217179,9,3
1371879.817775,5,4
1371881.882859,100,4
1371888.020135,400,4
1371890.095429,6,1
1371890.685919,400,1
1371891.255873,1,2
1371892.325777,7,2
1371893.422066,2,4
1371895.489819,3,3
1371897.074882,9,4
1371899.139145,5,3
1371900.696055,4,4
1371902.788384,0,2
1371903.853656,8,4
1371905.913774,100,4
1371912.004659,400,2
1371913.101738,6,1
1371913.678731,5,4
1371915.752552,9,2
1371916.815366,400,2
1371917.889670,4,1
1371918.464142,3,2
1371919.530870,8,2
1371920.605541,7,3
1371922.195272,1,2
1371923.286595,0,1
1371923.860392,2,3
1371925.414146,100,4
1371931.516889,4,2
1371932.592752,3,3
1371934.186975,6,3
1371935.762441,0,3
1371937.355479,7,1
1371937.928261,2,4
1371939.978064,9,2
1371941.045440,400,4
1371943.124229,1,1
1371943.693133,5,3
1371945.267852,400,2
1371946.330278,8,1
1371946.875521,100,4
1371953.000155,7,1
1371953.587124,8,4
1371955.662345,5,1
1371956.243324,400,3
1371957.817709,3,4
1371959.887693,6,2
1371960.957911,400,2
1371962.039731,4,2
1371963.115779,1,4
1371965.179360,0,2
1371966.227997,2,4
1371968.293322,9,1
1371968.862200,100,4
1371974.937009,1,3
1371976.517579,7,1
1371977.084823,400,3
1371978.662748,400,3
1371980.214722,2,4
1371982.290415,0,2
1371983.374882,3,4
1371985.433834,8,4
1371987.510142,5,1
1371988.072547,6,3
1371989.654809,9,4
1371991.726778,4,2
1371992.817614,100,4
1371998.927451,5,2
1372000.016409,0,1
1372000.589793,400,2
1372001.691308,1,2
1372002.799514,7,4
1372004.837194,2,2
1372005.911201,8,1
1372006.497686,6,2
1372007.571303,400,2
1372008.647343,4,2
1372009.720247,3,3
1372011.304691,9,1
1372011.878817,100,4
1372017.981058,6,3
1372019.552669,2,4
1372021.645572,5,4
1372023.720418,400,2
1372024.803135,1,1
1372025.352824,4,3
1372026.938992,8,3
1372028.508111,3,3
1372030.070100,7,2
1372031.152388,400,1
1372031.746761,9,2
1372032.808243,0,2
1372033.861243,100,4
